{
  "nbformat": 4,
  "nbformat_minor": 0,
  "metadata": {
    "colab": {
      "name": "TicTacToe_Agent.ipynb",
      "provenance": [],
      "collapsed_sections": []
    },
    "kernelspec": {
      "display_name": "Python 3",
      "language": "python",
      "name": "python3"
    },
    "language_info": {
      "codemirror_mode": {
        "name": "ipython",
        "version": 3
      },
      "file_extension": ".py",
      "mimetype": "text/x-python",
      "name": "python",
      "nbconvert_exporter": "python",
      "pygments_lexer": "ipython3",
      "version": "3.8.5"
    },
    "accelerator": "GPU"
  },
  "cells": [
    {
      "cell_type": "markdown",
      "metadata": {
        "id": "rznSDgbvGggG"
      },
      "source": [
        "## Tic-Tac-Toe Agent\n",
        "​\n",
        "In this notebook, you will learn to build an RL agent (using Q-learning) that learns to play Numerical Tic-Tac-Toe with odd numbers. The environment is playing randomly with the agent, i.e. its strategy is to put an even number randomly in an empty cell. The following is the layout of the notebook:\n",
        "        - Defining epsilon-greedy strategy\n",
        "        - Tracking state-action pairs for convergence\n",
        "        - Define hyperparameters for the Q-learning algorithm\n",
        "        - Generating episode and applying Q-update equation\n",
        "        - Checking convergence in Q-values"
      ]
    },
    {
      "cell_type": "markdown",
      "metadata": {
        "id": "8eDb8PxBGggH"
      },
      "source": [
        "#### Importing libraries\n",
        "Write the code to import Tic-Tac-Toe class from the environment file"
      ]
    },
    {
      "cell_type": "code",
      "metadata": {
        "id": "6SFNYceFGggJ"
      },
      "source": [
        "# from TCGame_Env1 import TicTacToe\n",
        "import collections\n",
        "import numpy as np\n",
        "import random\n",
        "import pickle\n",
        "import time\n",
        "from matplotlib import pyplot as plt\n",
        "from itertools import groupby\n",
        "from itertools import product"
      ],
      "execution_count": 20,
      "outputs": []
    },
    {
      "cell_type": "code",
      "metadata": {
        "id": "-0gVBuDMjqWE"
      },
      "source": [
        "class TicTacToe:\n",
        "    \n",
        "    def __init__(self):\n",
        "        \"\"\"initialise the board\"\"\"\n",
        "        self.state = [0 for _ in range(9)]  # initialises the board position, can initialise to an array or matrix\n",
        "        self.all_possible_numbers = list(range(1, 10))\n",
        "        self.reset()\n",
        "        \n",
        "    def is_winning(self, curr_state):\n",
        "        \"\"\"Takes state as an input and returns whether any row, column or diagonal has winning sum\n",
        "        Example: Input state = [1, 2, 3, 4, nan, nan, nan, nan, nan]\n",
        "                 Output = False\"\"\"\n",
        "        board = np.array(curr_state).reshape((3,3))\n",
        "        diag1 = [board[i, i] for i in range(3)]\n",
        "        diag2 = [board[i, 3-1-i] for i in range(3)]\n",
        "        diag1_win = False if 0 in diag1 else sum(diag1)==15\n",
        "        diag2_win = False if 0 in diag2 else sum(diag2)==15\n",
        "        for i in range(3):\n",
        "            row_win = False if 0 in board[i, :] else sum(board[i, :])==15\n",
        "            col_win = False if 0 in board[:, i] else sum(board[:, i])==15\n",
        "            if row_win or col_win or diag1_win or diag2_win:\n",
        "                return True\n",
        "        return False\n",
        "    \n",
        "    def is_terminal(self, curr_state):\n",
        "        \"Terminal state could be winning state or when the board is filled up\"\n",
        "        if self.is_winning(curr_state) == True:\n",
        "            return True, 'Win'\n",
        "        elif len(self.allowed_positions(curr_state)) ==0:\n",
        "            return True, 'Tie'\n",
        "        else:\n",
        "            return False, 'Resume'\n",
        "        \n",
        "    def allowed_positions(self, curr_state):\n",
        "        \"\"\"Takes state as an input and returns all indexes that are blank or 0\"\"\"\n",
        "        return [i for i, val in enumerate(curr_state) if val==0]\n",
        "    \n",
        "    def allowed_values(self, curr_state):\n",
        "        \"\"\"Takes the current state as input and returns all possible (unused) values that can be placed on the board\"\"\"\n",
        "        used_values = [val for val in curr_state if not val==0]\n",
        "        agent_values = [val for val in self.all_possible_numbers if val not in used_values and val % 2 !=0]\n",
        "        env_values = [val for val in self.all_possible_numbers if val not in used_values and val % 2 ==0]\n",
        "        return (agent_values, env_values)\n",
        "    \n",
        "    def action_space(self, curr_state):\n",
        "        \"\"\"Takes the current state as input and returns all possible actions, \n",
        "            i.e, all combinations of allowed positions and allowed values\n",
        "        \"\"\"\n",
        "        agent_actions = product(self.allowed_positions(curr_state), self.allowed_values(curr_state)[0])\n",
        "        env_actions = product(self.allowed_positions(curr_state), self.allowed_values(curr_state)[1])\n",
        "        return (agent_actions, env_actions)\n",
        "    \n",
        "    def state_transition(self, curr_state, curr_action):\n",
        "        \"\"\"Takes current state and action and returns the board position just after agent's move.\n",
        "        Example: Input state = [1, 2, 3, 4, nan, nan, nan, nan, nan], action- [7, 9] or [position, value]\n",
        "                 Output = [1, 2, 3, 4, nan, nan, nan, 9, nan]\n",
        "        \"\"\"\n",
        "        curr_state[curr_action[0]] = curr_action[1]\n",
        "        return curr_state\n",
        "    \n",
        "    def step(self, curr_state, curr_action):\n",
        "        \"\"\"Takes current state and action and returns the next state, reward and whether the state is terminal. \n",
        "        First, check the board position after agent's move, whether the game is won/loss/tied. \n",
        "        Then incorporate environment's move and again check the board status.\n",
        "        Example: Input state = [1, 2, 3, 4, nan, nan, nan, nan, nan], action- [7, 9] or [position, value]\n",
        "                 Output = ([1, 2, 3, 4, nan, nan, nan, 9, nan], -1, False)\n",
        "        \"\"\"\n",
        "        next_state = self.state_transition(curr_state, curr_action)\n",
        "        terminal, status = self.is_terminal(next_state)\n",
        "        if terminal:\n",
        "            reward = 10 if status=='Win' else 0\n",
        "        else:\n",
        "            env_actions = list(env.action_space(next_state)[1])\n",
        "            random_action = env_actions[np.random.choice(len(env_actions))]\n",
        "            next_state = self.state_transition(next_state, random_action)\n",
        "            terminal, status = self.is_terminal(next_state)\n",
        "            if terminal:\n",
        "                reward = -10 if status=='Win' else 0\n",
        "            else:\n",
        "                reward = -1\n",
        "        return reward, next_state, terminal\n",
        "            \n",
        "    def reset(self):\n",
        "        self.state = [0 for _ in range(9)]\n",
        "        self.all_possible_numbers = list(range(1, 10))\n",
        "        return self.state\n",
        "    \n",
        "    def show_board(self, state):\n",
        "        board = np.array(state).reshape(3,3)\n",
        "        for i in range(3):\n",
        "            print('------------')\n",
        "            out = '|'\n",
        "            for j in range(3):\n",
        "                token = '~' if board[i, j]==0 else str(board[i, j])\n",
        "                out += token+'|'\n",
        "            print(out)\n",
        "        print('------------')        "
      ],
      "execution_count": 21,
      "outputs": []
    },
    {
      "cell_type": "code",
      "metadata": {
        "id": "wYLQyopEG8nz"
      },
      "source": [
        "# Function to convert state array into a string to store it as keys in the dictionary\n",
        "# states in Q-dictionary will be of form: x-4-5-3-8-x-x-x-x\n",
        "#   x | 4 | 5\n",
        "#   ----------\n",
        "#   3 | 8 | x\n",
        "#   ----------\n",
        "#   x | x | x\n",
        "def Q_state(state):\n",
        "    return ('-'.join(str(e) for e in state)).replace('0','x')"
      ],
      "execution_count": 22,
      "outputs": []
    },
    {
      "cell_type": "code",
      "metadata": {
        "id": "ZebMOoiVHBBr"
      },
      "source": [
        "# Defining a function which will return valid (all possible actions) actions corresponding to a state\n",
        "# Important to avoid errors during deployment.\n",
        "def valid_actions(state):\n",
        "    return [i for i in env.action_space(state)[0]]"
      ],
      "execution_count": 23,
      "outputs": []
    },
    {
      "cell_type": "code",
      "metadata": {
        "id": "IRciPUkYHDWf"
      },
      "source": [
        "# Defining a function which will add new Q-values to the Q-dictionary. \n",
        "def add_to_dict(state, env):\n",
        "    state_snap = Q_state(state)\n",
        "    valid_actions = list(env.action_space(state)[0])\n",
        "    if state_snap not in Q_dict.keys():\n",
        "        Q_dict[state_snap] = {}\n",
        "        for action in valid_actions:\n",
        "            Q_dict[state_snap][action] = 0"
      ],
      "execution_count": 24,
      "outputs": []
    },
    {
      "cell_type": "markdown",
      "metadata": {
        "id": "fNNi_EfHGggM"
      },
      "source": [
        "#### Epsilon-greedy strategy - Write your code here\n",
        "\n",
        "(you can build your epsilon-decay function similar to the one given at the end of the notebook)"
      ]
    },
    {
      "cell_type": "code",
      "metadata": {
        "id": "m0lMfqiJGggN"
      },
      "source": [
        "# Defining epsilon-greedy policy. You can choose any function epsilon-decay strategy\n",
        "\n",
        "def epsilon_greedy_action(state, episode, env, T=-0.0000005, emax=1.0, emin=0.0001):\n",
        "    epsilon = emin + (emax - emin) * np.exp( T* episode)\n",
        "    z = np.random.random()\n",
        "    if z > epsilon:\n",
        "        state = Q_state(state)\n",
        "        action = max(Q_dict[state],key=Q_dict[state].get)\n",
        "    else:\n",
        "        valid_actions = list(env.action_space(state)[0])\n",
        "        action = valid_actions[np.random.choice(len(valid_actions))]\n",
        "    return action"
      ],
      "execution_count": 60,
      "outputs": []
    },
    {
      "cell_type": "markdown",
      "metadata": {
        "id": "H2kyQHOMGggR"
      },
      "source": [
        "#### Tracking the state-action pairs for checking convergence - write your code here"
      ]
    },
    {
      "cell_type": "code",
      "metadata": {
        "id": "B_8xSluUHvew"
      },
      "source": [
        "def initialise_tracking_states():\n",
        "    state_actions =   [('7-8-x-x-x-x-1-x-6', (4, 9)), ('4-x-6-x-7-x-x-9-x', (1, 5)), \n",
        "                       ('x-1-x-x-x-x-8-6-7', (0, 3)), ('x-4-x-3-x-2-x-x-9', (6, 7)),\n",
        "                       ('6-x-7-x-x-1-x-x-4', (3, 3)), ('5-6-3-x-8-1-x-2-x', (3, 7)),\n",
        "                       ('1-x-3-x-6-x-x-4-x', (5, 7)), ('x-7-x-x-x-x-x-4-x', (8, 9)),\n",
        "                       ('x-1-2-x-7-x-x-6-x', (5, 9)), ('4-x-6-x-7-x-x-9-x', (1, 5))]\n",
        "    for state, action in state_actions:\n",
        "        states_track[state] = {}\n",
        "        states_track[state][action] = []"
      ],
      "execution_count": 26,
      "outputs": []
    },
    {
      "cell_type": "code",
      "metadata": {
        "id": "6Pyj7nMVHsBi"
      },
      "source": [
        "# Initialise states tracker to check for convergence\n",
        "def save_tracking_states():\n",
        "    for state in states_track.keys():\n",
        "        for action in states_track[state].keys():\n",
        "            if state in Q_dict and action in Q_dict[state]:\n",
        "                states_track[state][action].append(Q_dict[state][action])"
      ],
      "execution_count": 27,
      "outputs": []
    },
    {
      "cell_type": "code",
      "metadata": {
        "id": "dAbwJDMVHpwl"
      },
      "source": [
        "#Defining a function to save the Q-dictionary as a pickle file\n",
        "def save_obj(obj, name ):\n",
        "    with open(name + '.pkl', 'wb') as f:\n",
        "        pickle.dump(obj, f, pickle.HIGHEST_PROTOCOL)"
      ],
      "execution_count": 28,
      "outputs": []
    },
    {
      "cell_type": "markdown",
      "metadata": {
        "id": "pYy4m98ajqWI"
      },
      "source": [
        "#### Update Q-Value"
      ]
    },
    {
      "cell_type": "code",
      "metadata": {
        "id": "I5sTe8d7jqWI"
      },
      "source": [
        "\"\"\"\n",
        "Given state and action, the fuction will taking a step in the evironment.\n",
        "After the step the next state and the reward will be observed from the evironment.\n",
        "Based on the reward and the next state, current state-actions q-value will be update.\n",
        "\"\"\"\n",
        "def update_Qvalue(s, a, env, l=1, g=1):\n",
        "    r, sn, t = env.step(s.copy(), a)\n",
        "    add_to_dict(sn, env)\n",
        "    qs = Q_state(s)\n",
        "    q = Q_dict[qs][a]\n",
        "    if not t:\n",
        "        qsn = Q_state(sn)\n",
        "        qn = Q_dict[qsn][max(Q_dict[qsn])]\n",
        "        qu = q + l*((r + g*qn)- q)\n",
        "    else:\n",
        "        qu = q+l*(r - q)\n",
        "    Q_dict[qs][a] = qu\n",
        "    return sn, t, r"
      ],
      "execution_count": 29,
      "outputs": []
    },
    {
      "cell_type": "markdown",
      "metadata": {
        "id": "-iPt--E9GggV"
      },
      "source": [
        "#### Define Hyperparameters"
      ]
    },
    {
      "cell_type": "code",
      "metadata": {
        "id": "dt7VUXbujqWJ"
      },
      "source": [
        "EPISODES = 10000000\n",
        "GAMMA = .5\n",
        "LR = .05"
      ],
      "execution_count": 58,
      "outputs": []
    },
    {
      "cell_type": "markdown",
      "metadata": {
        "id": "mcn3PlDKjqWJ"
      },
      "source": [
        "#### Define Tracking Parameter"
      ]
    },
    {
      "cell_type": "code",
      "metadata": {
        "id": "uclQr3HajqWJ"
      },
      "source": [
        "TRACK_CHECKPOINT = EPISODES/500\n",
        "POLICY_CHECKPOINT = EPISODES/5\n",
        "\n",
        "agent_won_count = 0\n",
        "env_won_count = 0\n",
        "tie_count = 0\n",
        "\n",
        "states_track = {}\n",
        "initialise_tracking_states()\n",
        "winnings_track = [(0, 0, 0)]\n",
        "\n",
        "Q_dict = {}"
      ],
      "execution_count": 31,
      "outputs": []
    },
    {
      "cell_type": "markdown",
      "metadata": {
        "id": "Md6twJ7wGggh"
      },
      "source": [
        "### Q-update loop"
      ]
    },
    {
      "cell_type": "code",
      "metadata": {
        "colab": {
          "base_uri": "https://localhost:8080/"
        },
        "id": "ldCgQuDNGggj",
        "outputId": "ca4ee7c2-9d52-4b21-b891-1973ad06e837"
      },
      "source": [
        "start_time = time.time()\n",
        "\n",
        "for episode in range(1, EPISODES+1):\n",
        "    env = TicTacToe()\n",
        "    state = env.state\n",
        "    add_to_dict(state, env)\n",
        "    agent_actions = list(env.action_space(state)[0])\n",
        "    action = agent_actions[np.random.choice(len(agent_actions))]\n",
        "    state, terminal, reward = update_Qvalue(state, action, env)\n",
        "    \n",
        "    while not terminal:\n",
        "        action = epsilon_greedy_action(state, episode, env)\n",
        "        state, terminal, reward = update_Qvalue(state, action, env, LR, GAMMA)\n",
        "        \n",
        "        if terminal:\n",
        "            if reward==10:\n",
        "                agent_won_count+=1\n",
        "            elif reward==-10:\n",
        "                env_won_count+=1\n",
        "            else:\n",
        "                tie_count+=1\n",
        "        \n",
        "    if episode % TRACK_CHECKPOINT == 0:\n",
        "        print(\"After \", episode, \"games, Agen Won: \", agent_won_count/episode, \\\n",
        "              \" Environment Won: \", env_won_count/episode, \" Tie: \", tie_count/episode)\n",
        "        winnings_track.append((agent_won_count, env_won_count, tie_count))\n",
        "        save_tracking_states()\n",
        "        \n",
        "    if episode % POLICY_CHECKPOINT == 0:\n",
        "        save_obj(states_track,'States_track')\n",
        "        save_obj(Q_dict,'Policy')\n",
        "\n",
        "elapsed_time = time.time() - start_time\n",
        "print(\"Elapsed time :\", elapsed_time)"
      ],
      "execution_count": 32,
      "outputs": [
        {
          "output_type": "stream",
          "text": [
            "After  20000 games, Agen Won:  0.2524  Environment Won:  0.28545  Tie:  0.46215\n",
            "After  40000 games, Agen Won:  0.250975  Environment Won:  0.286625  Tie:  0.4624\n",
            "After  60000 games, Agen Won:  0.24978333333333333  Environment Won:  0.2878833333333333  Tie:  0.4623333333333333\n",
            "After  80000 games, Agen Won:  0.25  Environment Won:  0.2868125  Tie:  0.4631875\n",
            "After  100000 games, Agen Won:  0.25055  Environment Won:  0.28689  Tie:  0.46256\n",
            "After  120000 games, Agen Won:  0.250325  Environment Won:  0.2861916666666667  Tie:  0.46348333333333336\n",
            "After  140000 games, Agen Won:  0.25006428571428574  Environment Won:  0.28623571428571426  Tie:  0.4637\n",
            "After  160000 games, Agen Won:  0.2502125  Environment Won:  0.28609375  Tie:  0.46369375\n",
            "After  180000 games, Agen Won:  0.25022777777777777  Environment Won:  0.28570555555555555  Tie:  0.4640666666666667\n",
            "After  200000 games, Agen Won:  0.250175  Environment Won:  0.286275  Tie:  0.46355\n",
            "After  220000 games, Agen Won:  0.24990909090909091  Environment Won:  0.2859181818181818  Tie:  0.4641727272727273\n",
            "After  240000 games, Agen Won:  0.2502916666666667  Environment Won:  0.2859041666666667  Tie:  0.4638041666666667\n",
            "After  260000 games, Agen Won:  0.25066153846153844  Environment Won:  0.28576153846153846  Tie:  0.46357692307692305\n",
            "After  280000 games, Agen Won:  0.2509857142857143  Environment Won:  0.28527857142857144  Tie:  0.4637357142857143\n",
            "After  300000 games, Agen Won:  0.25161666666666666  Environment Won:  0.2848133333333333  Tie:  0.46357\n",
            "After  320000 games, Agen Won:  0.252203125  Environment Won:  0.284128125  Tie:  0.46366875\n",
            "After  340000 games, Agen Won:  0.2523970588235294  Environment Won:  0.2842323529411765  Tie:  0.46337058823529415\n",
            "After  360000 games, Agen Won:  0.2526888888888889  Environment Won:  0.28402777777777777  Tie:  0.4632833333333333\n",
            "After  380000 games, Agen Won:  0.25325  Environment Won:  0.28378947368421054  Tie:  0.4629605263157895\n",
            "After  400000 games, Agen Won:  0.253695  Environment Won:  0.28342  Tie:  0.462885\n",
            "After  420000 games, Agen Won:  0.2543214285714286  Environment Won:  0.2831214285714286  Tie:  0.46255714285714283\n",
            "After  440000 games, Agen Won:  0.2549068181818182  Environment Won:  0.2828568181818182  Tie:  0.4622363636363636\n",
            "After  460000 games, Agen Won:  0.2555826086956522  Environment Won:  0.2826130434782609  Tie:  0.461804347826087\n",
            "After  480000 games, Agen Won:  0.256375  Environment Won:  0.2821125  Tie:  0.4615125\n",
            "After  500000 games, Agen Won:  0.257114  Environment Won:  0.281782  Tie:  0.461104\n",
            "After  520000 games, Agen Won:  0.25774615384615385  Environment Won:  0.2814846153846154  Tie:  0.46076923076923076\n",
            "After  540000 games, Agen Won:  0.2582888888888889  Environment Won:  0.2812074074074074  Tie:  0.4605037037037037\n",
            "After  560000 games, Agen Won:  0.25893571428571427  Environment Won:  0.28104107142857143  Tie:  0.4600232142857143\n",
            "After  580000 games, Agen Won:  0.2596413793103448  Environment Won:  0.28088620689655175  Tie:  0.45947241379310344\n",
            "After  600000 games, Agen Won:  0.26029  Environment Won:  0.28052  Tie:  0.45919\n",
            "After  620000 games, Agen Won:  0.2608854838709677  Environment Won:  0.28021129032258063  Tie:  0.4589032258064516\n",
            "After  640000 games, Agen Won:  0.261484375  Environment Won:  0.279759375  Tie:  0.45875625\n",
            "After  660000 games, Agen Won:  0.2621969696969697  Environment Won:  0.2794242424242424  Tie:  0.4583787878787879\n",
            "After  680000 games, Agen Won:  0.26278823529411766  Environment Won:  0.27913823529411763  Tie:  0.4580735294117647\n",
            "After  700000 games, Agen Won:  0.26356714285714283  Environment Won:  0.2787242857142857  Tie:  0.4577085714285714\n",
            "After  720000 games, Agen Won:  0.2643666666666667  Environment Won:  0.27819305555555557  Tie:  0.4574402777777778\n",
            "After  740000 games, Agen Won:  0.26516216216216215  Environment Won:  0.2777459459459459  Tie:  0.45709189189189187\n",
            "After  760000 games, Agen Won:  0.2658973684210526  Environment Won:  0.2774144736842105  Tie:  0.4566881578947368\n",
            "After  780000 games, Agen Won:  0.26665897435897434  Environment Won:  0.2769064102564103  Tie:  0.4564346153846154\n",
            "After  800000 games, Agen Won:  0.267475  Environment Won:  0.2765075  Tie:  0.4560175\n",
            "After  820000 games, Agen Won:  0.26821463414634145  Environment Won:  0.2762341463414634  Tie:  0.4555512195121951\n",
            "After  840000 games, Agen Won:  0.2690059523809524  Environment Won:  0.27582261904761907  Tie:  0.45517142857142856\n",
            "After  860000 games, Agen Won:  0.26984302325581394  Environment Won:  0.27541162790697676  Tie:  0.4547453488372093\n",
            "After  880000 games, Agen Won:  0.27063068181818184  Environment Won:  0.27505454545454544  Tie:  0.4543147727272727\n",
            "After  900000 games, Agen Won:  0.27150111111111114  Environment Won:  0.2747266666666667  Tie:  0.45377222222222224\n",
            "After  920000 games, Agen Won:  0.2724641304347826  Environment Won:  0.27416195652173914  Tie:  0.45337391304347824\n",
            "After  940000 games, Agen Won:  0.27326702127659575  Environment Won:  0.2737351063829787  Tie:  0.45299787234042554\n",
            "After  960000 games, Agen Won:  0.2740885416666667  Environment Won:  0.273453125  Tie:  0.45245833333333335\n",
            "After  980000 games, Agen Won:  0.2749438775510204  Environment Won:  0.27293877551020407  Tie:  0.45211734693877553\n",
            "After  1000000 games, Agen Won:  0.275691  Environment Won:  0.272578  Tie:  0.451731\n",
            "After  1020000 games, Agen Won:  0.27653823529411764  Environment Won:  0.2721970588235294  Tie:  0.45126470588235296\n",
            "After  1040000 games, Agen Won:  0.27736153846153844  Environment Won:  0.2716423076923077  Tie:  0.4509961538461538\n",
            "After  1060000 games, Agen Won:  0.27812830188679244  Environment Won:  0.27125283018867924  Tie:  0.4506188679245283\n",
            "After  1080000 games, Agen Won:  0.2790685185185185  Environment Won:  0.2708203703703704  Tie:  0.45011111111111113\n",
            "After  1100000 games, Agen Won:  0.27997181818181816  Environment Won:  0.27037545454545453  Tie:  0.44965272727272726\n",
            "After  1120000 games, Agen Won:  0.2809723214285714  Environment Won:  0.26983125  Tie:  0.44919642857142855\n",
            "After  1140000 games, Agen Won:  0.28192105263157896  Environment Won:  0.2694245614035088  Tie:  0.4486543859649123\n",
            "After  1160000 games, Agen Won:  0.28288620689655175  Environment Won:  0.2690758620689655  Tie:  0.44803793103448275\n",
            "After  1180000 games, Agen Won:  0.28384406779661014  Environment Won:  0.2685720338983051  Tie:  0.44758389830508477\n",
            "After  1200000 games, Agen Won:  0.2848333333333333  Environment Won:  0.2680125  Tie:  0.4471541666666667\n",
            "After  1220000 games, Agen Won:  0.28566803278688524  Environment Won:  0.26751803278688524  Tie:  0.4468139344262295\n",
            "After  1240000 games, Agen Won:  0.2865717741935484  Environment Won:  0.267083064516129  Tie:  0.4463451612903226\n",
            "After  1260000 games, Agen Won:  0.2874579365079365  Environment Won:  0.26673968253968255  Tie:  0.44580238095238095\n",
            "After  1280000 games, Agen Won:  0.2884203125  Environment Won:  0.26623828125  Tie:  0.44534140625\n",
            "After  1300000 games, Agen Won:  0.2893253846153846  Environment Won:  0.26574384615384616  Tie:  0.44493076923076924\n",
            "After  1320000 games, Agen Won:  0.2902969696969697  Environment Won:  0.2653219696969697  Tie:  0.4443810606060606\n",
            "After  1340000 games, Agen Won:  0.2912865671641791  Environment Won:  0.2648544776119403  Tie:  0.4438589552238806\n",
            "After  1360000 games, Agen Won:  0.2923014705882353  Environment Won:  0.2643360294117647  Tie:  0.4433625\n",
            "After  1380000 games, Agen Won:  0.293363768115942  Environment Won:  0.2638594202898551  Tie:  0.4427768115942029\n",
            "After  1400000 games, Agen Won:  0.2943642857142857  Environment Won:  0.26331642857142856  Tie:  0.4423192857142857\n",
            "After  1420000 games, Agen Won:  0.2953725352112676  Environment Won:  0.26277042253521127  Tie:  0.4418570422535211\n",
            "After  1440000 games, Agen Won:  0.2964263888888889  Environment Won:  0.2623027777777778  Tie:  0.44127083333333333\n",
            "After  1460000 games, Agen Won:  0.2975376712328767  Environment Won:  0.26178972602739725  Tie:  0.440672602739726\n",
            "After  1480000 games, Agen Won:  0.29862094594594596  Environment Won:  0.26130608108108105  Tie:  0.440072972972973\n",
            "After  1500000 games, Agen Won:  0.29962333333333335  Environment Won:  0.26082333333333335  Tie:  0.43955333333333335\n",
            "After  1520000 games, Agen Won:  0.3007921052631579  Environment Won:  0.26023486842105265  Tie:  0.4389730263157895\n",
            "After  1540000 games, Agen Won:  0.30186948051948054  Environment Won:  0.25965844155844153  Tie:  0.43847207792207793\n",
            "After  1560000 games, Agen Won:  0.30293461538461536  Environment Won:  0.2591217948717949  Tie:  0.43794358974358977\n",
            "After  1580000 games, Agen Won:  0.30395569620253166  Environment Won:  0.25858037974683545  Tie:  0.4374639240506329\n",
            "After  1600000 games, Agen Won:  0.305113125  Environment Won:  0.2580075  Tie:  0.436879375\n",
            "After  1620000 games, Agen Won:  0.30630246913580245  Environment Won:  0.25745123456790125  Tie:  0.4362462962962963\n",
            "After  1640000 games, Agen Won:  0.30749329268292686  Environment Won:  0.2569518292682927  Tie:  0.4355548780487805\n",
            "After  1660000 games, Agen Won:  0.30862590361445785  Environment Won:  0.25644036144578314  Tie:  0.434933734939759\n",
            "After  1680000 games, Agen Won:  0.30973869047619046  Environment Won:  0.25590535714285717  Tie:  0.43435595238095237\n",
            "After  1700000 games, Agen Won:  0.31089529411764705  Environment Won:  0.25540176470588233  Tie:  0.43370294117647057\n",
            "After  1720000 games, Agen Won:  0.3120796511627907  Environment Won:  0.2548348837209302  Tie:  0.43308546511627904\n",
            "After  1740000 games, Agen Won:  0.3131971264367816  Environment Won:  0.25428505747126434  Tie:  0.432517816091954\n",
            "After  1760000 games, Agen Won:  0.3143397727272727  Environment Won:  0.2537193181818182  Tie:  0.4319409090909091\n",
            "After  1780000 games, Agen Won:  0.31544887640449437  Environment Won:  0.25323258426966294  Tie:  0.4313185393258427\n",
            "After  1800000 games, Agen Won:  0.31663444444444444  Environment Won:  0.2526933333333333  Tie:  0.43067222222222223\n",
            "After  1820000 games, Agen Won:  0.3177934065934066  Environment Won:  0.2521835164835165  Tie:  0.4300230769230769\n",
            "After  1840000 games, Agen Won:  0.31894782608695654  Environment Won:  0.251629347826087  Tie:  0.42942282608695653\n",
            "After  1860000 games, Agen Won:  0.3201483870967742  Environment Won:  0.2510989247311828  Tie:  0.428752688172043\n",
            "After  1880000 games, Agen Won:  0.3213920212765957  Environment Won:  0.250618085106383  Tie:  0.4279898936170213\n",
            "After  1900000 games, Agen Won:  0.3226763157894737  Environment Won:  0.25005578947368423  Tie:  0.4272678947368421\n",
            "After  1920000 games, Agen Won:  0.3238432291666667  Environment Won:  0.24951145833333332  Tie:  0.4266453125\n",
            "After  1940000 games, Agen Won:  0.32497783505154637  Environment Won:  0.24896443298969073  Tie:  0.4260577319587629\n",
            "After  1960000 games, Agen Won:  0.3262423469387755  Environment Won:  0.24841224489795918  Tie:  0.4253454081632653\n",
            "After  1980000 games, Agen Won:  0.32747878787878787  Environment Won:  0.24789090909090908  Tie:  0.424630303030303\n",
            "After  2000000 games, Agen Won:  0.328718  Environment Won:  0.2473585  Tie:  0.4239235\n",
            "After  2020000 games, Agen Won:  0.3299861386138614  Environment Won:  0.24679158415841584  Tie:  0.42322227722772277\n",
            "After  2040000 games, Agen Won:  0.33122401960784315  Environment Won:  0.24626519607843136  Tie:  0.42251078431372546\n",
            "After  2060000 games, Agen Won:  0.3324490291262136  Environment Won:  0.2457257281553398  Tie:  0.4218252427184466\n",
            "After  2080000 games, Agen Won:  0.33363221153846156  Environment Won:  0.24517980769230768  Tie:  0.42118798076923075\n",
            "After  2100000 games, Agen Won:  0.33488285714285715  Environment Won:  0.24465619047619047  Tie:  0.4204609523809524\n",
            "After  2120000 games, Agen Won:  0.33607028301886793  Environment Won:  0.24411415094339622  Tie:  0.41981556603773584\n",
            "After  2140000 games, Agen Won:  0.33729018691588786  Environment Won:  0.24353084112149534  Tie:  0.41917897196261683\n",
            "After  2160000 games, Agen Won:  0.3385444444444444  Environment Won:  0.24302361111111112  Tie:  0.4184319444444444\n",
            "After  2180000 games, Agen Won:  0.3397963302752294  Environment Won:  0.24250183486238533  Tie:  0.4177018348623853\n",
            "After  2200000 games, Agen Won:  0.341  Environment Won:  0.24198727272727272  Tie:  0.41701272727272726\n",
            "After  2220000 games, Agen Won:  0.34230135135135137  Environment Won:  0.24142387387387387  Tie:  0.41627477477477476\n",
            "After  2240000 games, Agen Won:  0.3435165178571429  Environment Won:  0.24091875  Tie:  0.41556473214285716\n",
            "After  2260000 games, Agen Won:  0.34476769911504423  Environment Won:  0.24032743362831857  Tie:  0.41490486725663717\n",
            "After  2280000 games, Agen Won:  0.34600087719298245  Environment Won:  0.23977412280701754  Tie:  0.414225\n",
            "After  2300000 games, Agen Won:  0.34723565217391306  Environment Won:  0.23927260869565217  Tie:  0.4134917391304348\n",
            "After  2320000 games, Agen Won:  0.3484426724137931  Environment Won:  0.23872112068965518  Tie:  0.4128362068965517\n",
            "After  2340000 games, Agen Won:  0.3496474358974359  Environment Won:  0.23817777777777777  Tie:  0.4121747863247863\n",
            "After  2360000 games, Agen Won:  0.35086059322033897  Environment Won:  0.23764703389830508  Tie:  0.41149237288135593\n",
            "After  2380000 games, Agen Won:  0.3521  Environment Won:  0.23714243697478993  Tie:  0.4107575630252101\n",
            "After  2400000 games, Agen Won:  0.35334  Environment Won:  0.2366075  Tie:  0.4100525\n",
            "After  2420000 games, Agen Won:  0.35457314049586774  Environment Won:  0.23608388429752067  Tie:  0.40934297520661156\n",
            "After  2440000 games, Agen Won:  0.3557934426229508  Environment Won:  0.23552131147540983  Tie:  0.40868524590163935\n",
            "After  2460000 games, Agen Won:  0.35694349593495933  Environment Won:  0.2350219512195122  Tie:  0.4080345528455285\n",
            "After  2480000 games, Agen Won:  0.3581  Environment Won:  0.23451290322580645  Tie:  0.40738709677419355\n",
            "After  2500000 games, Agen Won:  0.3593204  Environment Won:  0.234036  Tie:  0.4066436\n",
            "After  2520000 games, Agen Won:  0.36058015873015875  Environment Won:  0.2335019841269841  Tie:  0.40591785714285716\n",
            "After  2540000 games, Agen Won:  0.3617956692913386  Environment Won:  0.2329732283464567  Tie:  0.4052311023622047\n",
            "After  2560000 games, Agen Won:  0.362988671875  Environment Won:  0.2324609375  Tie:  0.404550390625\n",
            "After  2580000 games, Agen Won:  0.3642011627906977  Environment Won:  0.2320031007751938  Tie:  0.40379573643410854\n",
            "After  2600000 games, Agen Won:  0.36543807692307695  Environment Won:  0.231485  Tie:  0.40307692307692305\n",
            "After  2620000 games, Agen Won:  0.3666354961832061  Environment Won:  0.23096488549618321  Tie:  0.40239961832061066\n",
            "After  2640000 games, Agen Won:  0.3677598484848485  Environment Won:  0.23048598484848484  Tie:  0.4017541666666667\n",
            "After  2660000 games, Agen Won:  0.3689687969924812  Environment Won:  0.22994323308270675  Tie:  0.40108796992481205\n",
            "After  2680000 games, Agen Won:  0.3701667910447761  Environment Won:  0.22945522388059703  Tie:  0.40037798507462685\n",
            "After  2700000 games, Agen Won:  0.3713548148148148  Environment Won:  0.22893296296296295  Tie:  0.39971222222222225\n",
            "After  2720000 games, Agen Won:  0.37256176470588237  Environment Won:  0.2284231617647059  Tie:  0.3990150735294118\n",
            "After  2740000 games, Agen Won:  0.3737036496350365  Environment Won:  0.2279339416058394  Tie:  0.3983624087591241\n",
            "After  2760000 games, Agen Won:  0.3748927536231884  Environment Won:  0.22744492753623188  Tie:  0.39766231884057973\n",
            "After  2780000 games, Agen Won:  0.3760557553956835  Environment Won:  0.22696546762589928  Tie:  0.39697877697841727\n",
            "After  2800000 games, Agen Won:  0.3772382142857143  Environment Won:  0.2264817857142857  Tie:  0.39628\n",
            "After  2820000 games, Agen Won:  0.37840248226950357  Environment Won:  0.22599645390070922  Tie:  0.3956010638297872\n",
            "After  2840000 games, Agen Won:  0.3795725352112676  Environment Won:  0.22554295774647887  Tie:  0.39488450704225353\n",
            "After  2860000 games, Agen Won:  0.38071153846153843  Environment Won:  0.22505874125874126  Tie:  0.39422972027972025\n",
            "After  2880000 games, Agen Won:  0.38188541666666664  Environment Won:  0.2245625  Tie:  0.39355208333333336\n",
            "After  2900000 games, Agen Won:  0.3830089655172414  Environment Won:  0.2240706896551724  Tie:  0.3929203448275862\n",
            "After  2920000 games, Agen Won:  0.3841722602739726  Environment Won:  0.2236178082191781  Tie:  0.3922099315068493\n",
            "After  2940000 games, Agen Won:  0.38527891156462585  Environment Won:  0.2231656462585034  Tie:  0.39155544217687077\n",
            "After  2960000 games, Agen Won:  0.38646790540540543  Environment Won:  0.22267635135135136  Tie:  0.39085574324324324\n",
            "After  2980000 games, Agen Won:  0.38758959731543624  Environment Won:  0.22221342281879194  Tie:  0.3901969798657718\n",
            "After  3000000 games, Agen Won:  0.3887716666666667  Environment Won:  0.22170733333333334  Tie:  0.389521\n",
            "After  3020000 games, Agen Won:  0.3898596026490066  Environment Won:  0.22125827814569538  Tie:  0.388882119205298\n",
            "After  3040000 games, Agen Won:  0.3910003289473684  Environment Won:  0.2208154605263158  Tie:  0.3881842105263158\n",
            "After  3060000 games, Agen Won:  0.3921294117647059  Environment Won:  0.2203532679738562  Tie:  0.3875173202614379\n",
            "After  3080000 games, Agen Won:  0.3932590909090909  Environment Won:  0.2198801948051948  Tie:  0.3868607142857143\n",
            "After  3100000 games, Agen Won:  0.3943574193548387  Environment Won:  0.21943354838709678  Tie:  0.3862090322580645\n",
            "After  3120000 games, Agen Won:  0.395436858974359  Environment Won:  0.21898012820512822  Tie:  0.3855830128205128\n",
            "After  3140000 games, Agen Won:  0.3965684713375796  Environment Won:  0.21852165605095542  Tie:  0.384909872611465\n",
            "After  3160000 games, Agen Won:  0.3976914556962025  Environment Won:  0.21806550632911392  Tie:  0.38424303797468357\n",
            "After  3180000 games, Agen Won:  0.39883427672955973  Environment Won:  0.21762987421383648  Tie:  0.38353584905660376\n",
            "After  3200000 games, Agen Won:  0.399964375  Environment Won:  0.217184375  Tie:  0.38285125\n",
            "After  3220000 games, Agen Won:  0.4010360248447205  Environment Won:  0.2167580745341615  Tie:  0.38220590062111803\n",
            "After  3240000 games, Agen Won:  0.40210833333333335  Environment Won:  0.2163064814814815  Tie:  0.3815851851851852\n",
            "After  3260000 games, Agen Won:  0.40322883435582824  Environment Won:  0.21586104294478528  Tie:  0.3809101226993865\n",
            "After  3280000 games, Agen Won:  0.40435731707317074  Environment Won:  0.21540731707317073  Tie:  0.3802353658536585\n",
            "After  3300000 games, Agen Won:  0.40541727272727274  Environment Won:  0.21495454545454545  Tie:  0.3796281818181818\n",
            "After  3320000 games, Agen Won:  0.4064987951807229  Environment Won:  0.21451746987951809  Tie:  0.378983734939759\n",
            "After  3340000 games, Agen Won:  0.4075502994011976  Environment Won:  0.21409491017964072  Tie:  0.3783547904191617\n",
            "After  3360000 games, Agen Won:  0.4086514880952381  Environment Won:  0.2136514880952381  Tie:  0.3776970238095238\n",
            "After  3380000 games, Agen Won:  0.40972721893491126  Environment Won:  0.21321923076923077  Tie:  0.37705355029585796\n",
            "After  3400000 games, Agen Won:  0.41076  Environment Won:  0.21280588235294118  Tie:  0.3764341176470588\n",
            "After  3420000 games, Agen Won:  0.41185263157894736  Environment Won:  0.21236608187134504  Tie:  0.3757812865497076\n",
            "After  3440000 games, Agen Won:  0.4129063953488372  Environment Won:  0.2119375  Tie:  0.3751561046511628\n",
